2          12        
3          58        
3          53        
3          72        
3          34        
4          27        
4          44        
6          7         
6          97        
6          60        
8          16        
10         15        
10         93        
10         41        
12         32        
12         95        
14         90        
15         75        
15         75        
17         45        
19         9         
21         66        
23         93        
24         53        
24         32        
26         11        
27         16        
27         37        
27         49        
29         22        
31         41        
33         64        
35         83        
35         57        
37         4         
39         85        
40         7         
42         77        
44         83        
45         60        
47         32        
49         48        
49         82        
49         38        
49         98        
50         81        
50         20        
52         75        
52         51        
52         38        
53         16        
54         83        
55         65        
55         46        
57         4         
57         1         
59         37        
60         87        
61         38        
