2          64        
4          31        
5          87        
5          27        
5          6         
7          13        
7          24        
9          72        
9          12        
10         51        
11         22        
12         40        
14         19        
16         23        
16         90        
17         46        
19         65        
20         69        
22         87        
24         87        
25         87        
25         57        
25         7         
25         93        
