1          75        
2          5         
2          44        
2          25        
4          81        
6          81        
8          3         
10         31        
10         24        
10         18        
10         19        
10         70        
10         60        
11         62        
13         60        
15         5         
17         48        
17         46        
17         83        
18         78        
18         5         
18         29        
19         70        
20         8         
21         56        
22         33        
24         10        
25         92        
27         73        
28         35        
29         21        
31         66        
33         86        
34         9         
35         34        
36         27        
37         28        
38         55        
40         33        
42         38        
42         50        
42         9         
44         25        
45         16        
47         3         
47         64        
48         9         
49         18        
49         98        
49         30        
51         16        
52         83        
52         9         
53         92        
54         46        
55         49        
57         39        
57         8         
59         91        
59         18        
60         16        
60         26        
62         79        
64         96        
65         26        
67         64        
69         54        
69         60        
