0          3         
2          65        
4          55        
5          52        
5          50        
5          38        
6          34        
8          92        
8          53        
9          67        
11         8         
12         30        
12         86        
14         45        
14         97        
15         20        
15         0         
15         65        
15         99        
16         31        
18         89        
20         24        
22         7         
