1          1         
2          22        
2          52        
4          77        
5          97        
5          80        
5          61        
7          42        
7          42        
9          43        
9          34        
11         15        
12         33        
13         48        
14         23        
14         75        
14         85        
16         52        
16         9         
16         16        
16         77        
16         12        
16         40        
18         38        
19         17        
19         36        
20         39        
