0          75        
2          64        
2          6         
4          96        
5          49        
6          24        
6          28        
7          27        
8          41        
9          62        
9          16        
11         94        
12         36        
12         54        
12         7         
14         90        
14         99        
15         32        
16         68        
17         46        
17         32        
17         57        
18         49        
18         69        
19         54        
21         39        
21         11        
23         80        
25         30        
25         91        
27         76        
27         42        
27         45        
