0          15        
0          52        
2          89        
4          99        
4          61        
6          85        
7          74        
8          66        
10         67        
10         24        
12         61        
14         19        
15         39        
15         73        
16         6         
16         44        
17         92        
17         98        
18         22        
20         0         
20         14        
22         68        
23         95        
25         72        
25         60        
27         0         
29         49        
31         75        
33         77        
35         27        
35         41        
37         43        
39         50        
39         53        
39         80        
41         33        
42         10        
44         57        
44         99        
46         5         
47         0         
47         38        
