2          98        
3          44        
5          69        
7          91        
8          85        
10         53        
10         83        
12         2         
13         68        
15         76        
17         21        
18         96        
20         86        
20         52        
22         31        
24         95        
24         46        
25         79        
25         3         
27         84        
27         74        
27         63        
29         9         
31         70        
33         42        
33         59        
35         12        
35         32        
35         27        
37         62        
38         71        
40         75        
40         57        
40         42        
41         4         
41         21        
43         98        
45         37        
46         32        
48         39        
50         38        
51         88        
52         12        
53         15        
54         93        
55         86        
55         41        
57         18        
57         82        
57         21        
58         16        
60         7         
62         7         
62         25        
62         31        
63         65        
63         30        
64         90        
66         50        
68         97        
69         73        
69         98        
71         37        
71         4         
71         38        
72         24        
72         20        
