0          65        
2          70        
4          95        
4          82        
5          20        
6          84        
8          16        
10         46        
12         56        
13         34        
14         35        
16         56        
16         91        
17         6         
17         52        
18         33        
20         2         
22         86        
24         84        
25         7         
26         68        
27         21        
28         95        
30         63        
31         58        
33         33        
34         43        
34         74        
36         38        
38         16        
39         99        
40         51        
41         63        
41         65        
41         67        
43         1         
43         72        
44         42        
45         96        
46         47        
46         86        
47         17        
49         70        
50         97        
52         68        
54         76        
55         83        
55         9         
55         66        
56         63        
58         23        
59         61        
61         4         
61         74        
62         3         
62         25        
64         5         
65         30        
66         44        
68         47        
70         23        
70         95        
71         7         
71         80        
