2          21        
2          17        
3          61        
4          13        
6          50        
6          47        
8          22        
10         43        
10         20        
11         95        
11         38        
12         94        
13         18        
15         84        
16         35        
18         68        
19         84        
21         65        
23         47        
24         63        
25         20        
26         92        
27         93        
27         56        
29         46        
29         89        
29         98        
31         51        
33         84        
35         91        
35         4         
37         96        
