0          16        
0          62        
0          47        
0          23        
1          38        
3          51        
3          68        
4          45        
4          54        
5          76        
7          82        
9          7         
11         36        
13         20        
13         48        
15         42        
16         94        
18         67        
19         57        
19         33        
21         72        
23         53        
24         15        
26         22        
28         65        
