1          2         
2          46        
3          31        
4          90        
6          50        
8          64        
8          75        
8          1         
10         40        
11         76        
11         39        
12         3         
14         92        
14         75        
16         21        
17         81        
17         73        
18         3         
19         77        
19         73        
21         2         
23         10        
25         44        
25         63        
26         46        
27         90        
28         0         
28         91        
30         82        
31         36        
32         88        
34         19        
36         56        
38         7         
38         62        
40         20        
40         63        
42         12        
43         56        
43         38        
45         15        
47         61        
47         14        
47         78        
48         68        
48         3         
49         8         
50         62        
51         23        
