0          93        
0          70        
0          62        
0          83        
2          70        
2          51        
3          57        
3          61        
3          78        
4          57        
4          37        
4          74        
4          99        
4          49        
4          14        
6          89        
8          92        
8          63        
9          47        
9          62        
10         39        
11         9         
11         99        
13         22        
14         14        
15         11        
17         74        
17         27        
17         52        
18         22        
20         88        
20         18        
21         2         
21         63        
22         50        
24         10        
24         20        
25         63        
27         29        
28         84        
29         99        
29         70        
31         40        
32         66        
32         95        
33         9         
33         59        
33         42        
34         52        
