0          85        
0          75        
2          30        
2          8         
3          23        
5          39        
6          10        
8          25        
10         75        
11         50        
13         32        
14         89        
14         31        
16         79        
16         86        
16         11        
18         8         
19         79        
21         28        
21         53        
23         23        
23         65        
24         87        
24         0         
26         51        
26         26        
26         27        
26         30        
27         12        
29         58        
29         42        
31         70        
31         57        
32         93        
34         42        
35         95        
35         79        
37         46        
38         26        
38         52        
38         48        
39         75        
40         97        
41         60        
43         60        
45         70        
45         0         
46         27        
48         51        
50         17        
52         4         
53         47        
53         16        
54         27        
56         70        
58         56        
60         59        
61         5         
61         60        
