0          60        
0          70        
1          28        
1          93        
2          0         
2          57        
3          89        
4          18        
4          15        
5          74        
6          25        
7          9         
7          99        
7          79        
8          90        
10         40        
10         17        
10         13        
10         58        
11         17        
11         69        
12         54        
13         4         
15         79        
