1          76        
1          36        
1          52        
1          94        
3          94        
4          17        
5          35        
7          1         
8          42        
8          45        
10         64        
12         17        
12         78        
12         47        
14         16        
16         16        
16         80        
16         97        
18         73        
18         17        
19         37        
19         83        
19         30        
19         65        
19         8         
19         16        
20         37        
22         35        
22         63        
24         84        
25         56        
27         94        
27         68        
27         72        
29         35        
30         3         
31         94        
31         71        
33         83        
33         4         
35         89        
35         56        
35         89        
36         62        
38         48        
39         65        
39         95        
39         83        
40         30        
41         61        
41         30        
41         76        
41         92        
43         70        
44         38        
45         7         
47         0         
47         24        
47         21        
47         45        
47         29        
47         67        
