1          30        
1          7         
1          77        
3          4         
3          83        
5          46        
6          91        
6          78        
8          43        
9          55        
10         76        
10         69        
11         74        
12         78        
13         15        
13         43        
15         99        
16         43        
17         81        
19         43        
21         81        
21         6         
21         61        
22         60        
24         27        
25         87        
26         70        
27         29        
29         13        
30         65        
30         73        
30         36        
31         90        
31         72        
32         50        
33         29        
35         90        
37         88        
39         26        
40         93        
42         47        
42         5         
44         99        
44         2         
46         93        
47         95        
48         52        
50         7         
52         84        
53         69        
53         80        
54         66        
55         2         
56         88        
56         68        
56         79        
