0          65        
2          56        
4          57        
4          58        
4          1         
5          96        
6          93        
6          34        
8          2         
8          49        
10         85        
11         70        
13         49        
15         88        
17         3         
17         17        
18         13        
20         69        
21         71        
21         47        
23         14        
23         8         
23         18        
25         66        
27         88        
29         26        
30         93        
30         90        
30         18        
31         62        
31         78        
31         46        
31         89        
32         34        
33         87        
33         79        
35         17        
