0          5         
1          4         
2          44        
2          41        
3          74        
4          35        
6          16        
6          57        
6          51        
7          27        
7          70        
8          45        
10         23        
12         65        
13         91        
13         92        
13         62        
15         37        
17         81        
18         82        
19         83        
19         77        
20         77        
22         76        
24         93        
25         34        
26         52        
26         65        
28         20        
29         65        
29         9         
31         35        
33         18        
34         27        
35         45        
