0          23        
1          34        
1          35        
1          13        
2          8         
2          44        
2          82        
3          21        
5          12        
6          10        
7          88        
7          93        
8          52        
10         95        
12         76        
14         76        
16         71        
16         40        
18         25        
18         88        
18         6         
18         17        
19         3         
19         38        
20         98        
20         41        
22         56        
24         91        
25         40        
27         25        
28         44        
29         24        
30         52        
32         69        
34         83        
34         78        
35         48        
36         81        
38         14        
38         82        
39         29        
40         77        
40         65        
41         62        
43         19        
43         45        
44         34        
