1          32        
1          87        
2          23        
2          8         
2          69        
3          28        
5          26        
5          67        
6          18        
8          13        
9          16        
10         7         
10         35        
11         61        
11         59        
12         93        
14         16        
14         37        
15         88        
15         99        
15         85        
16         18        
17         41        
17         1         
17         74        
19         48        
21         6         
22         35        
24         3         
26         19        
27         41        
28         76        
28         44        
28         53        
29         73        
29         12        
29         94        
29         57        
31         66        
