1          94        
3          58        
5          24        
6          39        
7          75        
7          44        
7          6         
7          9         
8          40        
9          38        
11         78        
13         17        
14         87        
16         71        
18         80        
20         71        
22         89        
23         52        
25         91        
26         28        
26         50        
27         10        
28         38        
29         25        
29         21        
30         78        
31         67        
31         91        
33         47        
35         31        
35         56        
37         70        
38         8         
40         75        
42         96        
44         77        
45         95        
45         45        
45         42        
45         31        
46         86        
48         96        
50         70        
51         0         
53         84        
53         70        
53         85        
54         84        
54         45        
56         97        
58         5         
59         70        
61         13        
62         38        
62         14        
64         10        
66         49        
68         35        
68         98        
69         95        
69         15        
69         36        
70         57        
71         93        
72         57        
74         55        
75         86        
76         56        
78         90        
