2          8         
3          82        
3          1         
4          46        
6          65        
8          92        
10         28        
10         94        
12         98        
12         23        
14         38        
15         91        
15         72        
16         17        
16         54        
16         58        
16         8         
18         31        
20         36        
20         50        
21         89        
23         70        
24         41        
24         3         
25         58        
25         2         
26         78        
28         95        
29         37        
29         50        
30         28        
30         83        
32         81        
34         85        
34         17        
35         90        
35         76        
37         85        
38         40        
39         51        
41         33        
42         31        
43         85        
44         61        
44         23        
45         73        
47         45        
49         41        
51         55        
52         71        
54         76        
56         24        
57         57        
58         66        
