0          38        
0          46        
1          7         
2          8         
2          1         
3          91        
5          4         
7          60        
8          19        
8          23        
8          7         
9          83        
9          5         
10         50        
12         26        
13         70        
15         79        
15         88        
15         18        
17         89        
19         92        
19         75        
19         71        
20         66        
21         24        
23         48        
24         1         
26         12        
28         57        
30         58        
31         88        
31         68        
32         66        
32         93        
34         61        
36         51        
38         66        
40         60        
42         82        
44         41        
45         86        
45         62        
46         89        
47         27        
47         14        
48         37        
48         37        
48         14        
48         67        
48         45        
49         18        
50         9         
52         24        
54         9         
55         61        
57         82        
