0          94        
2          92        
3          35        
4          49        
5          97        
6          17        
6          11        
8          86        
9          83        
9          78        
11         54        
13         94        
15         63        
16         82        
16         40        
18         27        
19         88        
20         37        
21         93        
22         48        
23         42        
23         63        
24         65        
26         44        
28         52        
29         23        
30         33        
31         1         
32         60        
34         49        
34         89        
35         76        
36         48        
37         94        
39         18        
41         85        
42         25        
42         5         
42         43        
43         5         
45         88        
47         62        
48         70        
50         9         
51         94        
52         80        
52         38        
52         22        
52         45        
52         27        
53         68        
55         57        
57         19        
57         72        
58         51        
60         37        
60         43        
62         66        
