2          78        
4          93        
4          15        
4          92        
4          12        
4          39        
6          5         
7          86        
9          79        
11         73        
13         50        
14         58        
16         67        
18         97        
18         6         
18         1         
18         89        
19         98        
20         10        
20         23        
22         8         
23         58        
23         42        
25         10        
25         40        
26         17        
27         91        
29         10        
30         39        
32         42        
34         51        
35         92        
36         9         
36         7         
38         17        
39         17        
41         22        
42         45        
42         64        
43         97        
43         20        
43         6         
43         17        
44         42        
46         24        
46         45        
47         43        
49         48        
49         99        
51         55        
51         60        
51         16        
52         22        
53         93        
55         35        
55         75        
57         41        
57         54        
57         97        
59         30        
61         5         
61         35        
61         34        
62         29        
64         71        
66         70        
68         51        
68         70        
