2          96        
2          80        
4          19        
4          58        
6          36        
6          51        
7          27        
8          98        
10         42        
10         64        
10         38        
11         4         
11         32        
13         74        
13         77        
15         1         
16         23        
16         40        
17         82        
19         66        
20         19        
21         38        
21         16        
21         66        
23         70        
24         96        
24         49        
26         92        
28         33        
29         97        
30         86        
31         14        
33         61        
34         49        
35         82        
36         35        
38         66        
38         19        
38         62        
39         53        
40         47        
40         67        
42         86        
43         18        
44         12        
46         44        
48         54        
48         75        
50         78        
51         35        
52         58        
52         80        
52         50        
53         69        
53         49        
55         21        
57         78        
57         44        
59         73        
61         0         
63         77        
63         35        
