2          19        
4          33        
6          61        
7          47        
7          23        
7          40        
9          52        
9          21        
10         33        
10         25        
10         24        
10         13        
11         3         
11         26        
13         45        
15         15        
16         97        
18         41        
18         81        
20         96        
22         34        
24         84        
24         3         
24         27        
25         80        
25         3         
