1          39        
3          86        
4          51        
5          76        
5          69        
7          98        
9          31        
10         18        
11         0         
11         33        
12         15        
12         65        
14         66        
16         49        
18         37        
19         38        
21         49        
23         97        
24         74        
25         36        
27         29        
28         82        
28         51        
28         87        
29         19        
29         39        
29         33        
31         90        
32         69        
32         26        
34         83        
35         10        
36         58        
36         77        
