0          67        
1          53        
3          98        
5          99        
6          85        
7          14        
9          13        
11         2         
11         64        
11         81        
11         3         
13         80        
14         82        
16         29        
18         14        
18         53        
18         19        
19         57        
21         84        
21         45        
22         23        
24         29        
25         42        
26         4         
26         32        
27         95        
28         18        
30         70        
32         37        
34         78        
36         72        
37         75        
37         67        
39         58        
39         24        
41         32        
42         27        
42         89        
44         70        
45         59        
46         66        
47         24        
49         40        
50         47        
52         92        
53         59        
54         23        
56         57        
58         85        
58         47        
60         85        
62         23        
62         6         
64         11        
65         92        
