0          44        
1          39        
2          25        
3          8         
4          78        
5          7         
5          26        
6          21        
6          26        
7          26        
8          45        
10         15        
10         23        
11         44        
12         52        
12         57        
12         64        
14         9         
16         10        
16         78        
18         86        
18         84        
