2          60        
2          30        
4          33        
6          86        
8          59        
8          62        
8          71        
10         20        
10         14        
10         23        
10         12        
11         96        
11         90        
13         75        
13         67        
13         4         
15         64        
15         43        
16         26        
18         89        
19         25        
19         5         
20         31        
21         3         
21         69        
22         64        
24         14        
25         63        
27         54        
27         65        
27         23        
