1          43        
2          8         
3          11        
3          91        
5          85        
5          72        
6          61        
7          92        
7          45        
8          33        
10         22        
11         39        
13         29        
14         29        
16         39        
16         19        
16         64        
16         6         
16         49        
18         67        
20         53        
20         28        
20         68        
20         85        
20         16        
22         37        
23         16        
25         86        
27         10        
27         66        
28         72        
29         95        
30         91        
31         77        
31         24        
33         40        
34         8         
34         87        
35         60        
36         15        
37         58        
37         88        
38         12        
39         46        
40         99        
42         92        
42         99        
42         59        
42         46        
44         57        
44         70        
45         81        
45         21        
45         92        
