0          39        
0          66        
1          53        
3          70        
5          94        
7          21        
8          38        
10         94        
11         7         
13         33        
14         70        
14         57        
14         10        
14         96        
14         68        
14         99        
14         5         
14         72        
15         89        
16         49        
17         40        
17         30        
18         2         
18         69        
19         23        
21         98        
23         46        
23         70        
23         89        
25         75        
27         95        
28         19        
28         77        
28         97        
29         90        
31         25        
32         21        
34         55        
35         33        
36         44        
38         49        
40         80        
42         70        
43         8         
43         82        
44         7         
44         94        
45         17        
47         77        
49         97        
49         4         
49         24        
50         27        
52         88        
54         98        
55         17        
57         36        
57         36        
57         77        
58         97        
58         5         
58         43        
59         38        
59         39        
