2          71        
4          45        
6          59        
7          15        
9          1         
9          8         
10         67        
12         4         
12         68        
13         17        
14         56        
14         89        
14         27        
16         33        
17         15        
19         81        
21         56        
22         81        
22         8         
23         78        
24         40        
24         31        
25         78        
25         3         
26         39        
26         16        
27         61        
29         53        
29         94        
29         77        
29         17        
31         24        
31         87        
32         28        
34         81        
34         25        
36         81        
38         17        
38         3         
39         36        
41         99        
42         55        
44         84        
45         16        
46         15        
47         71        
48         22        
50         24        
50         24        
51         17        
53         95        
53         41        
55         18        
57         27        
58         93        
59         82        
61         55        
63         71        
64         6         
65         47        
67         89        
68         98        
69         11        
71         27        
72         68        
72         56        
72         74        
72         35        
