2          11        
2          11        
2          57        
2          99        
4          93        
6          19        
6          63        
6          1         
6          57        
8          21        
10         41        
10         36        
11         20        
12         58        
14         19        
15         6         
16         96        
18         64        
18         48        
18         9         
20         19        
21         78        
23         14        
25         77        
26         64        
26         32        
27         77        
27         58        
28         53        
28         37        
30         68        
32         10        
32         43        
34         0         
35         14        
36         83        
37         89        
37         5         
38         82        
39         75        
41         9         
41         94        
42         70        
44         70        
44         4         
46         75        
46         83        
46         63        
48         81        
