2          34        
3          82        
4          58        
5          68        
7          15        
7          67        
7          60        
9          34        
11         19        
11         70        
12         20        
14         37        
14         22        
14         57        
14         90        
16         38        
18         21        
20         94        
20         84        
21         19        
22         72        
23         23        
23         48        
24         59        
26         10        
28         50        
30         66        
30         94        
32         26        
33         25        
34         63        
36         69        
38         73        
40         62        
