1          79        
3          19        
3          27        
3          28        
4          3         
4          3         
6          81        
7          30        
9          92        
10         88        
12         4         
12         18        
14         84        
16         99        
16         42        
18         24        
19         62        
21         5         
23         35        
23         67        
24         52        
26         35        
27         30        
29         88        
31         11        
31         93        
33         11        
34         78        
35         11        
36         9         
36         93        
36         56        
37         70        
39         55        
39         35        
41         20        
41         26        
43         28        
45         32        
47         8         
47         17        
49         84        
50         56        
51         17        
52         94        
53         61        
53         90        
54         6         
55         59        
56         3         
