1          83        
1          25        
3          61        
5          10        
6          94        
8          86        
10         78        
11         80        
12         18        
13         15        
14         26        
15         68        
16         61        
18         56        
19         20        
20         70        
22         8         
24         44        
25         15        
26         17        
28         3         
28         18        
30         87        
31         98        
33         35        
35         60        
35         95        
37         67        
37         3         
37         6         
37         70        
37         37        
37         41        
37         57        
37         56        
38         36        
39         60        
39         70        
40         52        
41         28        
42         46        
42         70        
44         80        
44         84        
46         16        
48         61        
49         42        
49         89        
49         22        
50         44        
51         15        
51         8         
53         31        
54         21        
56         44        
57         33        
58         14        
59         63        
61         46        
62         4         
63         25        
