2          45        
4          68        
5          23        
6          42        
8          75        
10         9         
10         56        
10         77        
11         0         
11         11        
12         51        
12         83        
12         32        
14         62        
14         91        
16         31        
16         9         
16         62        
17         5         
19         47        
21         0         
23         66        
23         11        
23         47        
25         38        
26         17        
28         20        
29         36        
30         55        
32         59        
34         49        
36         26        
38         77        
39         41        
41         26        
42         53        
43         77        
43         60        
44         87        
45         27        
45         0         
47         29        
47         7         
47         56        
47         39        
49         32        
50         99        
52         40        
52         76        
52         0         
54         31        
56         93        
57         34        
58         84        
60         79        
61         21        
62         92        
63         56        
65         19        
67         75        
67         22        
69         8         
70         8         
