0          66        
0          8         
1          72        
1          98        
3          51        
5          29        
6          26        
7          65        
8          14        
10         7         
12         17        
13         24        
13         19        
14         60        
16         60        
18         10        
19         64        
19         36        
20         5         
20         35        
20         34        
21         43        
21         77        
21         69        
22         39        
24         15        
26         13        
26         54        
27         51        
28         68        
29         77        
30         32        
31         42        
32         9         
32         68        
32         2         
34         91        
36         13        
38         2         
39         33        
41         39        
41         15        
