2          60        
2          8         
3          17        
5          44        
6          21        
6          78        
7          65        
9          21        
11         44        
11         32        
12         75        
12         72        
14         81        
14         63        
16         6         
17         68        
19         35        
21         7         
22         61        
24         99        
26         35        
26         77        
