0          49        
1          58        
2          50        
3          22        
5          86        
6          43        
6          82        
6          18        
7          94        
7          67        
9          8         
9          11        
9          93        
10         24        
10         87        
12         63        
13         79        
14         49        
15         54        
15         59        
17         64        
19         1         
19         57        
21         19        
21         51        
22         34        
22         46        
23         45        
23         66        
25         55        
25         92        
25         85        
25         0         
27         33        
27         75        
29         71        
30         62        
30         77        
30         25        
30         58        
30         86        
32         88        
33         26        
33         6         
34         91        
36         69        
38         76        
40         19        
40         22        
41         94        
43         19        
43         15        
43         73        
44         63        
