0          86        
1          83        
2          37        
4          38        
5          49        
5          0         
5          32        
7          63        
8          38        
10         10        
12         91        
13         10        
13         71        
15         77        
17         67        
19         92        
21         86        
22         49        
22         95        
24         87        
24         45        
25         66        
25         90        
26         92        
27         35        
29         75        
31         65        
