2          74        
2          49        
3          99        
4          45        
5          65        
6          43        
8          90        
10         63        
11         58        
11         78        
11         7         
12         24        
14         47        
16         36        
18         69        
18         18        
20         75        
22         48        
23         93        
24         28        
25         48        
25         39        
26         58        
26         31        
27         82        
29         22        
31         80        
32         14        
33         86        
33         69        
34         70        
36         46        
38         8         
38         51        
40         36        
41         86        
43         84        
