0          0         
1          5         
3          5         
5          52        
7          6         
7          84        
9          97        
11         2         
13         21        
15         49        
16         10        
16         76        
18         74        
18         88        
20         48        
20         34        
20         19        
22         73        
24         81        
26         40        
27         43        
29         0         
30         40        
31         40        
32         68        
32         92        
32         94        
32         78        
34         95        
36         19        
37         36        
38         99        
39         28        
39         4         
40         62        
42         45        
43         13        
44         28        
45         9         
47         8         
47         98        
48         41        
48         65        
50         22        
51         52        
52         25        
53         71        
54         15        
55         13        
57         64        
58         60        
