0          35        
1          61        
3          48        
4          32        
5          59        
5          76        
7          4         
9          55        
9          80        
10         79        
10         98        
10         90        
11         99        
13         63        
14         67        
16         41        
17         2         
17         3         
18         39        
19         22        
21         0         
23         40        
23         95        
25         46        
25         2         
27         33        
28         71        
30         69        
31         26        
32         6         
34         55        
36         72        
37         99        
37         82        
39         95        
40         75        
41         37        
43         66        
44         80        
46         9         
46         75        
46         90        
46         39        
