2          31        
3          62        
4          31        
6          65        
7          19        
7          34        
7          40        
8          42        
10         70        
12         54        
13         52        
13         64        
13         59        
15         71        
16         46        
18         29        
18         2         
18         14        
18         23        
19         32        
20         8         
20         12        
22         59        
23         76        
25         65        
27         71        
29         29        
31         50        
31         11        
33         59        
33         25        
33         9         
33         38        
34         96        
34         47        
34         15        
36         44        
37         8         
39         27        
40         47        
41         88        
43         39        
45         5         
46         55        
47         28        
48         16        
50         7         
50         16        
