0          8         
0          4         
0          66        
0          56        
1          28        
3          9         
4          21        
5          84        
5          5         
7          56        
7          14        
8          90        
8          37        
9          21        
11         13        
12         57        
14         31        
15         31        
16         45        
17         45        
18         56        
18         10        
20         53        
20         36        
22         71        
22         60        
22         39        
22         63        
23         42        
23         36        
25         8         
26         6         
28         74        
30         83        
32         25        
34         79        
34         19        
36         31        
38         63        
39         43        
40         68        
42         75        
42         99        
44         41        
45         71        
47         88        
47         83        
48         76        
48         34        
48         62        
49         3         
51         53        
53         35        
55         55        
57         3         
57         70        
58         8         
59         86        
