2          64        
2          27        
3          52        
4          24        
5          66        
5          6         
6          83        
8          79        
10         39        
12         1         
12         88        
13         44        
15         85        
17         37        
19         13        
20         80        
21         33        
23         50        
24         88        
24         96        
24         60        
26         35        
26         3         
26         85        
