1          2         
2          27        
4          84        
4          94        
6          22        
8          72        
9          9         
10         60        
12         5         
12         51        
12         89        
13         22        
13         42        
13         8         
14         14        
14         34        
14         93        
14         77        
15         33        
17         46        
17         35        
18         69        
19         18        
20         99        
21         28        
22         73        
24         55        
26         6         
28         52        
29         34        
31         93        
33         50        
34         46        
36         32        
37         90        
39         36        
41         7         
41         89        
42         65        
44         21        
46         87        
47         75        
