2          15        
3          4         
4          65        
6          56        
7          78        
9          40        
11         81        
11         45        
12         9         
12         46        
14         48        
15         38        
17         51        
18         78        
18         51        
18         19        
18         36        
20         84        
21         33        
22         73        
24         15        
26         56        
27         55        
29         69        
29         84        
