0          70        
0          71        
1          67        
1          45        
3          43        
3          54        
4          84        
4          79        
4          41        
6          78        
8          77        
8          58        
9          95        
10         33        
10         73        
12         70        
13         74        
14         58        
14         0         
14         89        
16         2         
16         58        
18         67        
20         7         
22         10        
24         46        
24         55        
25         42        
26         27        
26         22        
27         63        
28         77        
29         20        
31         46        
33         83        
35         74        
37         90        
39         41        
40         97        
42         18        
42         96        
43         63        
45         12        
47         37        
47         96        
48         4         
49         17        
