1          66        
2          89        
2          5         
4          14        
5          97        
6          16        
8          0         
9          77        
9          86        
11         71        
13         7         
13         29        
14         48        
14         42        
14         28        
14         78        
14         23        
14         44        
14         22        
14         96        
16         30        
17         38        
19         76        
19         27        
20         10        
21         85        
23         79        
25         73        
25         41        
25         51        
26         16        
26         33        
26         0         
27         18        
29         7         
29         95        
31         1         
33         81        
34         77        
34         2         
35         89        
35         32        
36         3         
36         60        
38         22        
38         56        
40         64        
42         20        
42         2         
44         76        
46         6         
48         67        
49         41        
50         53        
52         97        
54         22        
54         2         
54         74        
